"NMF1"	"NMF2"	"NMF3"	"NMF4"	"NMF5"	"NMF6"	"NMF7"	"NMF8"	"NMF9"	"NMF10"	"NMF11"	"NMF12"	"NMF13"	"class"	"max_val"
"FORALL_115"	0.723025834530562	0.169065402165127	0.0171424366127825	4.84676649504925e-15	4.84676649504925e-15	0.0852704167825002	0.00549590990898882	4.84676649504925e-15	4.84676649504925e-15	4.84676649504925e-15	4.84676649504925e-15	4.84676649504925e-15	4.84676649504925e-15	"NMF1"	0.723025834530562
"FORALL_098"	0.648876030860474	5.60230034457451e-15	5.60230034457451e-15	0.0957685451610983	5.60230034457451e-15	5.60230034457451e-15	5.60230034457451e-15	3.86015693125274e-06	5.60230034457451e-15	0.227391851802249	5.60230034457451e-15	5.60230034457451e-15	0.0279597120192029	"NMF1"	0.648876030860474
"FORALL_015"	0.637109776970481	4.87667090746707e-15	0.101275626018379	0.000438477427181231	0.00764571928849603	4.87667090746707e-15	4.87667090746707e-15	0.0570427719792627	0.115986505549253	4.87667090746707e-15	4.87667090746707e-15	0.0795518548668056	0.000949267900117072	"NMF1"	0.637109776970481
"FORALL_129"	0.575982405213589	0.0498367022830571	6.05987280762539e-15	0.200270130806564	6.05987280762539e-15	6.05987280762539e-15	6.05987280762539e-15	6.05987280762539e-15	6.05987280762539e-15	0.173619072469219	0.000291689227522074	6.05987280762539e-15	6.05987280762539e-15	"NMF1"	0.575982405213589
"FORALL_069"	0.567898543099462	5.01399732316131e-15	5.01399732316131e-15	5.01399732316131e-15	0.0900665631893469	0.17510328665224	5.01399732316131e-15	5.01399732316131e-15	0.115585602971835	5.01399732316131e-15	5.01399732316131e-15	5.01399732316131e-15	0.0513460040870748	"NMF1"	0.567898543099462
"FORALL_123"	0.508728641434593	5.88581140488024e-15	0.0240984105807449	5.23839923188391e-14	5.88581140488024e-15	2.69077205374974e-05	0.0122660772916301	5.88581140488024e-15	5.88581140488024e-15	0.280976508541329	0.0172751644122167	5.88581140488024e-15	0.156628290018867	"NMF1"	0.508728641434593
"FORALL_143"	0.49934888618592	5.35526381701704e-15	0.139986758016012	0.049289564424948	5.35526381701704e-15	5.35526381701704e-15	5.35526381701704e-15	5.35526381701704e-15	0.0240612051350206	0.183459373777985	5.35526381701704e-15	0.0503168379486113	0.0535373745114711	"NMF1"	0.49934888618592
"FORALL_096"	0.491021592217025	5.0229506481258e-15	5.0229506481258e-15	5.0229506481258e-15	5.0229506481258e-15	5.0229506481258e-15	5.0229506481258e-15	0.0928860707917874	0.0614238992205901	5.0229506481258e-15	5.0229506481258e-15	5.0229506481258e-15	0.354668437770552	"NMF1"	0.491021592217025
"FORALL_080"	0.463223434935351	5.09484168944267e-15	5.09484168944267e-15	5.09484168944267e-15	5.09484168944267e-15	5.09484168944267e-15	5.09484168944267e-15	0.430064606410505	5.09484168944267e-15	5.09484168944267e-15	0.00160554121036935	0.105106417443729	5.09484168944267e-15	"NMF1"	0.463223434935351
"FORALL_014"	0.443497497881367	5.49230186712842e-15	0.000103965891340836	5.49230186712842e-15	0.0532351351267005	0.260771261532097	5.49230186712842e-15	5.49230186712842e-15	0.238632004537624	1.7586491127868e-09	5.49230186712842e-15	5.49230186712842e-15	0.00376013327218875	"NMF1"	0.443497497881367
"FORALL_078"	0.440933952648394	5.75512561155527e-15	5.75512561155527e-15	0.0289841740875072	5.75512561155527e-15	5.75512561155527e-15	5.75512561155527e-15	0.307718323077297	5.75512561155527e-15	5.75512561155527e-15	0.105941215877343	0.116422334309412	5.75512561155527e-15	"NMF1"	0.440933952648394
"FORALL_090"	0.439167587557027	4.11615993624349e-15	4.11615993624349e-15	0.229824717488421	4.11615993624349e-15	4.11615993624349e-15	4.11615993624349e-15	0.206583184059054	4.11615993624349e-15	0.0840722450005644	4.11615993624349e-15	9.67691783534528e-15	0.0403522658948958	"NMF1"	0.439167587557027
"FORALL_137"	0.434913368916091	5.98386984883429e-15	5.98386984883429e-15	5.98386984883429e-15	5.98386984883429e-15	5.98386984883429e-15	0.017266666047887	1.48377794312367e-08	5.98386984883429e-15	0.0568474828459965	0.231871612774037	0.259100854578167	5.98386984883429e-15	"NMF1"	0.434913368916091
"FORALL_083"	0.428677878689135	0.0170776545516972	5.25347107057633e-15	0.0700493594706729	0.190351829688246	5.25347107057633e-15	5.25347107057633e-15	5.25347107057633e-15	1.05870260364034e-12	0.293843277599149	5.25347107057633e-15	5.25347107057633e-15	9.03828337649283e-15	"NMF1"	0.428677878689135
"FORALL_140"	0.416823482030218	1.0395956517113e-13	5.54370393467456e-15	5.54370393467456e-15	5.54370393467456e-15	0.211637559319168	5.54370393467456e-15	0.155324361738895	5.54370393467456e-15	0.0696641754109408	5.54370393467456e-15	5.54370393467456e-15	0.146550421500636	"NMF1"	0.416823482030218
"FORALL_033"	0.414933489601893	0.0415835843562511	0.0202994789676421	5.1494531697984e-15	5.1494531697984e-15	5.1494531697984e-15	0.0675106141689188	0.0614455661297558	5.1494531697984e-15	5.1494531697984e-15	0.3942272667755	8.61145956586575e-15	5.1494531697984e-15	"NMF1"	0.414933489601893
"FORALL_023"	0.408428368137651	0.0502061764375996	6.16284886079252e-15	6.50542162604775e-09	6.16284886079252e-15	0.0134536032223316	0.00659826765584369	0.232643575551887	0.0217006652975092	6.16284886079252e-15	0.11016483498088	6.16284886079252e-15	0.156804502210851	"NMF1"	0.408428368137651
"FORALL_006"	0.400879358641066	5.81386614598143e-15	5.81386614598143e-15	5.81386614598143e-15	5.81386614598143e-15	5.81386614598143e-15	5.81386614598143e-15	0.222655698025081	0.042209917497271	5.81386614598143e-15	5.81386614598143e-15	0.0112056131302321	0.323049412706304	"NMF1"	0.400879358641066
"FORALL_051"	0.392895196225001	5.89874380586386e-15	0.0452287866507744	0.0747801041082817	5.89874380586386e-15	5.89874380586386e-15	5.89874380586386e-15	0.383928805853768	5.89874380586386e-15	5.89874380586386e-15	5.89874380586386e-15	5.89874380586386e-15	0.103167107162128	"NMF1"	0.392895196225001
"FORALL_118"	0.387009934307061	6.26251854613582e-15	6.26251854613582e-15	0.096849422530004	6.26251854613582e-15	6.26251854613582e-15	6.26251854613582e-15	0.127246213717	6.26251854613582e-15	6.26251854613582e-15	0.342553024797838	0.0463414046480462	6.26251854613582e-15	"NMF1"	0.387009934307061
"FORALL_044"	0.344013245760405	5.1224150119317e-15	9.57009632282751e-07	0.0403327828377846	5.1224150119317e-15	0.135864583817223	5.1224150119317e-15	5.1224150119317e-15	8.54293538136487e-07	0.0194136650847768	0.0844235357905007	0.0487930865984932	0.327157288807626	"NMF1"	0.344013245760405
"FORALL_144"	0.294534167832483	0.0920011002593241	0.0515270898541814	9.11815904895255e-12	0.0576362465710199	0.154852155200292	0.117499196192361	5.0822415484964e-15	5.0822415484964e-15	5.0822415484964e-15	0.231950044081195	5.0822415484964e-15	5.0822415484964e-15	"NMF1"	0.294534167832483
"FORALL_121"	4.66804258053591e-15	0.954325924893405	4.66804258053591e-15	4.66804258053591e-15	4.66804258053591e-15	4.66804258053591e-15	4.66804258053591e-15	4.66804258053591e-15	4.66804258053591e-15	0.0456740751065441	4.66804258053591e-15	4.66804258053591e-15	4.66804258053591e-15	"NMF2"	0.954325924893405
"FORALL_024"	4.22465058670025e-15	0.855473259404596	4.22465058670025e-15	4.22465058670025e-15	4.22465058670025e-15	4.22465058670025e-15	4.22465058670025e-15	0.122140716334014	4.22465058670025e-15	4.22465058670025e-15	0.0223860242613483	4.22465058670025e-15	4.22465058670025e-15	"NMF2"	0.855473259404596
"FORALL_008"	4.80047836213571e-15	0.844213568584007	4.80047836213571e-15	4.80047836213571e-15	4.80047836213571e-15	4.80047836213571e-15	4.80047836213571e-15	4.80047836213571e-15	4.80047836213571e-15	0.11626134212299	4.80047836213571e-15	4.80047836213571e-15	0.0395250892929553	"NMF2"	0.844213568584007
"FORALL_110"	4.29411611913767e-15	0.819656380769779	4.29411611913767e-15	4.29411611913767e-15	4.29411611913767e-15	4.29411611913767e-15	4.29411611913767e-15	0.180343619230174	4.29411611913767e-15	4.29411611913767e-15	4.29411611913767e-15	4.29411611913767e-15	4.29411611913767e-15	"NMF2"	0.819656380769779
"FORALL_158"	4.28596904649885e-15	0.796239974996375	4.28596904649885e-15	4.28596904649885e-15	4.28596904649885e-15	4.28596904649885e-15	4.28596904649885e-15	0.203760025003578	4.28596904649885e-15	4.28596904649885e-15	4.28596904649885e-15	4.28596904649885e-15	4.28596904649885e-15	"NMF2"	0.796239974996375
"FORALL_135"	4.54925583214908e-15	0.789515567404973	0.00777614026081371	4.54925583214908e-15	4.54925583214908e-15	4.54925583214908e-15	4.54925583214908e-15	4.54925583214908e-15	0.047472610787653	4.54925583214908e-15	4.54925583214908e-15	0.0105446075464546	0.144691074000069	"NMF2"	0.789515567404973
"FORALL_077"	4.94843331355427e-15	0.723919785631931	4.94843331355427e-15	4.94843331355427e-15	0.000367233635414219	4.94843331355427e-15	4.94843331355427e-15	4.94843331355427e-15	0.0301395476917618	4.94843331355427e-15	0.245573433040848	4.94843331355427e-15	4.94843331355427e-15	"NMF2"	0.723919785631931
"FORALL_055"	0.0423896823628002	0.706052164301317	0.0778926674553099	4.92512716957055e-15	0.0468332996541899	0.00799010177661061	4.92512716957055e-15	0.0745694756631454	4.92512716957055e-15	4.92512716957055e-15	4.92512716957055e-15	0.0442726087865976	4.92512716957055e-15	"NMF2"	0.706052164301317
"FORALL_049"	4.38395474213722e-15	0.697499824940721	4.38395474213722e-15	4.38395474213722e-15	4.38395474213722e-15	4.38395474213722e-15	4.38395474213722e-15	3.30682823810605e-07	4.38395474213722e-15	4.38395474213722e-15	4.38395474213722e-15	0.169452962272998	0.133046882103418	"NMF2"	0.697499824940721
"FORALL_042"	4.58895614112514e-15	0.614695921592336	0.0927441853668757	4.58895614112514e-15	4.58895614112514e-15	4.58895614112514e-15	4.58895614112514e-15	4.58895614112514e-15	0.0549527975721833	4.58895614112514e-15	0.228868246061706	4.58895614112514e-15	0.00873884940686224	"NMF2"	0.614695921592336
"FORALL_046"	0.0803530036989683	0.613702789469353	4.33228765616989e-15	4.33228765616989e-15	4.33228765616989e-15	4.33228765616989e-15	9.69432020435447e-05	4.33228765616989e-15	4.33228765616989e-15	0.305843348107767	4.33228765616989e-15	4.33228765616989e-15	3.91552183300195e-06	"NMF2"	0.613702789469353
"FORALL_151"	5.46328679621944e-15	0.420899056153754	8.72338134449805e-14	5.46328679621944e-15	5.46328679621944e-15	0.148440871329812	5.46328679621944e-15	5.46328679621944e-15	5.46328679621944e-15	0.0313701988794506	0.347837294337764	0.051452579299094	5.46328679621944e-15	"NMF2"	0.420899056153754
"FORALL_017"	4.77244928167203e-15	0.38626781851686	0.026618340274405	4.77244928167203e-15	0.075490376319522	4.77244928167203e-15	4.77244928167203e-15	4.77244928167203e-15	0.195477651449945	4.77244928167203e-15	0.31614581343923	4.77244928167203e-15	4.77244928167203e-15	"NMF2"	0.38626781851686
"FORALL_034"	3.11324609257294e-15	3.11324609257294e-15	0.999999999999963	3.11324609257294e-15	3.11324609257294e-15	3.11324609257294e-15	3.11324609257294e-15	3.11324609257294e-15	3.11324609257294e-15	3.11324609257294e-15	3.11324609257294e-15	3.11324609257294e-15	3.11324609257294e-15	"NMF3"	0.999999999999963
"FORALL_112"	3.23735215999798e-15	3.23735215999798e-15	0.999999999999961	3.23735215999798e-15	3.23735215999798e-15	3.23735215999798e-15	3.23735215999798e-15	3.23735215999798e-15	3.23735215999798e-15	3.23735215999798e-15	3.23735215999798e-15	3.23735215999798e-15	3.23735215999798e-15	"NMF3"	0.999999999999961
"FORALL_154"	3.2714653754536e-15	3.2714653754536e-15	0.999999999999961	3.2714653754536e-15	3.2714653754536e-15	3.2714653754536e-15	3.2714653754536e-15	3.2714653754536e-15	3.2714653754536e-15	3.2714653754536e-15	3.2714653754536e-15	3.2714653754536e-15	3.2714653754536e-15	"NMF3"	0.999999999999961
"FORALL_047"	3.28731362054725e-15	3.28731362054725e-15	0.999999999999961	3.28731362054725e-15	3.28731362054725e-15	3.28731362054725e-15	3.28731362054725e-15	3.28731362054725e-15	3.28731362054725e-15	3.28731362054725e-15	3.28731362054725e-15	3.28731362054725e-15	3.28731362054725e-15	"NMF3"	0.999999999999961
"FORALL_040"	4.1655747877829e-15	0.150585664423555	0.392072102039334	4.1655747877829e-15	4.1655747877829e-15	4.1655747877829e-15	0.328881645938914	4.1655747877829e-15	4.1655747877829e-15	0.12846058759816	4.1655747877829e-15	4.1655747877829e-15	4.1655747877829e-15	"NMF3"	0.392072102039334
"FORALL_104"	5.92418857024955e-15	5.92418857024955e-15	5.92418857024955e-15	0.999999999999929	5.92418857024955e-15	5.92418857024955e-15	5.92418857024955e-15	5.92418857024955e-15	5.92418857024955e-15	5.92418857024955e-15	5.92418857024955e-15	5.92418857024955e-15	5.92418857024955e-15	"NMF4"	0.999999999999929
"FORALL_139"	5.96262996757912e-15	5.96262996757912e-15	5.96262996757912e-15	0.98711418150883	5.96262996757912e-15	5.96262996757912e-15	5.96262996757912e-15	5.96262996757912e-15	5.96262996757912e-15	0.0128858184911044	5.96262996757912e-15	5.96262996757912e-15	5.96262996757912e-15	"NMF4"	0.98711418150883
"FORALL_082"	6.34016246361928e-15	6.34016246361928e-15	6.34016246361928e-15	0.805398997399547	6.34016246361928e-15	6.34016246361928e-15	6.34016246361928e-15	6.34016246361928e-15	0.0769278446148256	6.34016246361928e-15	0.0724355712443336	0.0452375867412371	6.34016246361928e-15	"NMF4"	0.805398997399547
"FORALL_043"	6.102110566066e-15	0.00160684918920186	6.102110566066e-15	0.723265223861978	6.102110566066e-15	6.102110566066e-15	6.102110566066e-15	6.102110566066e-15	6.102110566066e-15	6.102110566066e-15	0.27512792694876	6.102110566066e-15	6.102110566066e-15	"NMF4"	0.723265223861978
"FORALL_050"	5.7526199540057e-15	5.7526199540057e-15	5.7526199540057e-15	0.687248943418214	5.7526199540057e-15	5.7526199540057e-15	5.7526199540057e-15	0.026372688373811	5.7526199540057e-15	0.0446416339661483	5.7526199540057e-15	0.089258863180654	0.152477871061127	"NMF4"	0.687248943418214
"FORALL_005"	4.31985679187748e-15	4.31985679187748e-15	0.0401022747045732	0.679073958176396	0.0102882501661744	4.31985679187748e-15	4.31985679187748e-15	0.00525980843754632	4.31985679187748e-15	4.31985679187748e-15	0.049324195725705	0.215951512789574	4.31985679187748e-15	"NMF4"	0.679073958176396
"FORALL_122"	7.40307543269298e-15	7.40307543269298e-15	7.40307543269298e-15	0.647269825281027	7.40307543269298e-15	7.40307543269298e-15	7.40307543269298e-15	7.40307543269298e-15	7.40307543269298e-15	0.18544966896763	0.0549008244545608	7.40307543269298e-15	0.112379681296716	"NMF4"	0.647269825281027
"FORALL_088"	6.40594756942616e-15	6.40594756942616e-15	6.40594756942616e-15	0.642753819462724	6.40594756942616e-15	6.40594756942616e-15	6.40594756942616e-15	6.40594756942616e-15	6.40594756942616e-15	0.19014157604584	9.46899094132649e-07	6.40594756942616e-15	0.167103657592285	"NMF4"	0.642753819462724
"FORALL_001"	5.62848295050658e-07	4.96693349127378e-15	0.0783584819874882	0.638733745949942	0.00086214502107891	4.96693349127378e-15	0.0867284959724281	7.75503347941656e-11	4.96693349127378e-15	4.96693349127378e-15	0.179403103605077	0.015913464538116	4.96693349127378e-15	"NMF4"	0.638733745949942
"FORALL_041"	0.0201298367067173	6.23496539061327e-15	0.00199493185252089	0.58341192592372	6.23496539061327e-15	6.23496539061327e-15	6.23496539061327e-15	6.23496539061327e-15	6.23496539061327e-15	6.23496539061327e-15	0.344704474307501	0.0276534964626891	0.0221053347468083	"NMF4"	0.58341192592372
"FORALL_089"	5.19456143496057e-15	0.0126543973012929	0.0144361322872544	0.573644645389086	0.190244936726918	0.0326546749622834	5.19456143496057e-15	5.19456143496057e-15	0.0301025309284137	0.0741004469181535	0.0314598916912783	5.19456143496057e-15	0.0407023437952997	"NMF4"	0.573644645389086
"FORALL_160"	6.28915791522696e-15	0.0469892253797619	6.28915791522696e-15	0.572408593992645	6.28915791522696e-15	6.28915791522696e-15	6.28915791522696e-15	0.219190451092004	0.0835665720585854	6.28915791522696e-15	0.0214285657063572	6.28915791522696e-15	0.0564165917706026	"NMF4"	0.572408593992645
"FORALL_120"	0.0803693885512232	6.48357567474049e-15	6.48357567474049e-15	0.55910679105233	6.48357567474049e-15	0.0562846450359201	6.48357567474049e-15	6.48357567474049e-15	6.48357567474049e-15	0.104241013166762	6.48357567474049e-15	0.0373205240848912	0.162677638108829	"NMF4"	0.55910679105233
"FORALL_127"	4.38277834887362e-15	4.38277834887362e-15	4.38277834887362e-15	0.476314825534944	0.0473117161970701	4.38277834887362e-15	4.38277834887362e-15	0.0450708229540972	0.0662085608867515	4.38277834887362e-15	4.38277834887362e-15	0.119504543493	0.245589530934107	"NMF4"	0.476314825534944
"FORALL_026"	5.16592565694159e-15	5.16592565694159e-15	5.16592565694159e-15	0.406466683224759	5.16592565694159e-15	5.16592565694159e-15	5.16592565694159e-15	0.343463749896428	0.123310342337795	5.16592565694159e-15	5.16592565694159e-15	0.103141149841481	0.0236180746994953	"NMF4"	0.406466683224759
"FORALL_028"	0.29682104807082	4.65163266551479e-15	0.00999795908507933	0.390407841253549	4.65163266551479e-15	4.65163266551479e-15	4.65163266551479e-15	0.30277315159051	4.65163266551479e-15	4.65163266551479e-15	4.65163266551479e-15	4.65163266551479e-15	4.65163266551479e-15	"NMF4"	0.390407841253549
"FORALL_065"	0.278921920026374	5.91389984771932e-15	5.91389984771932e-15	0.39031505129607	5.91389984771932e-15	5.91389984771932e-15	5.91389984771932e-15	5.91389984771932e-15	0.0351735918838047	5.91389984771932e-15	0.045852164349715	0.24973727244399	5.91389984771932e-15	"NMF4"	0.39031505129607
"FORALL_132"	0.0676068574566115	5.87317615382568e-15	5.87317615382568e-15	0.38096143853022	5.87317615382568e-15	5.87317615382568e-15	5.87317615382568e-15	5.87317615382568e-15	5.87317615382568e-15	5.87317615382568e-15	0.249566489792819	0.062281322651224	0.239583891569079	"NMF4"	0.38096143853022
"FORALL_022"	0.00226245516484822	5.34566412190706e-15	5.34566412190706e-15	0.369668515105837	5.34566412190706e-15	5.34566412190706e-15	5.34566412190706e-15	0.228589195575579	0.0662630256178247	0.124526661568532	5.34566412190706e-15	0.100632451682048	0.1080576952853	"NMF4"	0.369668515105837
"FORALL_057"	0.0761095089915835	6.08312631962716e-15	6.08312631962716e-15	0.339610134861745	0.0120894026716536	6.08312631962716e-15	6.08312631962716e-15	0.0345485740800581	0.173738670093991	0.068184388973778	0.0136565294656684	0.101399873293419	0.180662917568079	"NMF4"	0.339610134861745
"FORALL_117"	0.212874153100348	0.0077030038305698	0.176221354425544	0.26913244485848	7.53245867478938e-13	5.56350654932878e-15	0.0132956636830846	0.0395782081998486	0.123533472017152	0.0858711019491186	0.00966962114085434	5.56350654932878e-15	0.0621209767942355	"NMF4"	0.26913244485848
"FORALL_130"	4.65686163476954e-15	4.65686163476954e-15	4.65686163476954e-15	4.65686163476954e-15	0.999999999999944	4.65686163476954e-15	4.65686163476954e-15	4.65686163476954e-15	4.65686163476954e-15	4.65686163476954e-15	4.65686163476954e-15	4.65686163476954e-15	4.65686163476954e-15	"NMF5"	0.999999999999944
"FORALL_020"	4.65977797367897e-15	4.65977797367897e-15	4.65977797367897e-15	4.65977797367897e-15	0.999999999999944	4.65977797367897e-15	4.65977797367897e-15	4.65977797367897e-15	4.65977797367897e-15	4.65977797367897e-15	4.65977797367897e-15	4.65977797367897e-15	4.65977797367897e-15	"NMF5"	0.999999999999944
"FORALL_108"	4.6853787104832e-15	4.6853787104832e-15	4.6853787104832e-15	4.6853787104832e-15	0.999999999999944	4.6853787104832e-15	4.6853787104832e-15	4.6853787104832e-15	4.6853787104832e-15	4.6853787104832e-15	4.6853787104832e-15	4.6853787104832e-15	4.6853787104832e-15	"NMF5"	0.999999999999944
"FORALL_072"	4.71182218451207e-15	4.71182218451207e-15	4.71182218451207e-15	4.71182218451207e-15	0.999999999999943	4.71182218451207e-15	4.71182218451207e-15	4.71182218451207e-15	4.71182218451207e-15	4.71182218451207e-15	4.71182218451207e-15	4.71182218451207e-15	4.71182218451207e-15	"NMF5"	0.999999999999943
"FORALL_093"	5.07284796457316e-15	0.00324834288615613	5.07284796457316e-15	5.07284796457316e-15	0.732979243732813	5.07284796457316e-15	0.185799592452326	5.07284796457316e-15	5.07284796457316e-15	0.0779728204297049	5.07284796457316e-15	4.98959846287039e-10	5.07284796457316e-15	"NMF5"	0.732979243732813
"FORALL_095"	1.86513568898603e-10	0.22184800473669	3.7242882884149e-15	3.7242882884149e-15	0.632924813972498	0.0097543831099163	0.0173725560793729	0.0221356590018319	1.06866001144037e-10	8.47006851281112e-07	3.7242882884149e-15	0.0942455807626027	0.00171815503684588	"NMF5"	0.632924813972498
"FORALL_141"	3.56084121143281e-05	4.46218609086767e-15	4.46218609086767e-15	4.46218609086767e-15	0.566778029602351	4.46218609086767e-15	0.112586304457635	6.7659286992751e-11	4.46218609086767e-15	0.0248392651733665	4.46218609086767e-15	0.295760792286843	4.46218609086767e-15	"NMF5"	0.566778029602351
"FORALL_148"	5.78910017956341e-15	5.78910017956341e-15	5.78910017956341e-15	5.78910017956341e-15	0.531580936469161	5.78910017956341e-15	0.424073933963995	5.78910017956341e-15	5.78910017956341e-15	0.0387095957215059	0.00563553384528563	5.78910017956341e-15	5.78910017956341e-15	"NMF5"	0.531580936469161
"FORALL_116"	4.70657823519352e-15	0.0499274876939427	4.70657823519352e-15	4.70657823519352e-15	0.505754683122207	4.70657823519352e-15	0.285701211591638	1.48960658253935e-08	4.70657823519352e-15	0.158616602696109	4.70657823519352e-15	4.70657823519352e-15	4.70657823519352e-15	"NMF5"	0.505754683122207
"FORALL_101"	4.98643296254753e-15	4.98643296254753e-15	0.0869141306683542	4.98643296254753e-15	0.496260140100066	0.00228611883180356	0.347702812421593	4.98643296254753e-15	4.98643296254753e-15	0.03322707643371	0.0178432383809818	4.98643296254753e-15	0.015766483163461	"NMF5"	0.496260140100066
"FORALL_133"	0.0128256150640242	0.144691507248542	0.0436892690951497	4.79782056964399e-15	0.384705824706763	4.79782056964399e-15	0.269901363810805	4.79782056964399e-15	4.79782056964399e-15	0.144186420074682	4.79782056964399e-15	4.79782056964399e-15	4.79782056964399e-15	"NMF5"	0.384705824706763
"FORALL_056"	0.04099433691907	4.83307782909085e-15	0.15063021991576	0.0139356647510192	0.33170547521506	4.83307782909085e-15	0.241691128259276	4.83307782909085e-15	4.83307782909085e-15	4.83307782909085e-15	0.0192521140940363	0.201786028183333	5.03266242083018e-06	"NMF5"	0.33170547521506
"FORALL_134"	7.17025453624023e-15	7.17025453624023e-15	7.17025453624023e-15	7.17025453624023e-15	7.17025453624023e-15	0.958360295442109	7.17025453624023e-15	2.1940380219908e-07	0.041639485154017	7.17025453624023e-15	7.17025453624023e-15	7.17025453624023e-15	7.17025453624023e-15	"NMF6"	0.958360295442109
"FORALL_097"	5.96662490854181e-15	5.96662490854181e-15	5.96662490854181e-15	5.96662490854181e-15	5.96662490854181e-15	0.942711091994571	5.96662490854181e-15	5.96662490854181e-15	5.96662490854181e-15	5.96662490854181e-15	0.0572889080053633	5.96662490854181e-15	5.96662490854181e-15	"NMF6"	0.942711091994571
"FORALL_007"	0.035437167126151	5.77862573134855e-15	5.77862573134855e-15	5.77862573134855e-15	5.77862573134855e-15	0.923446913774731	5.77862573134855e-15	5.77862573134855e-15	5.77862573134855e-15	5.77862573134855e-15	5.77862573134855e-15	5.77862573134855e-15	0.04111591909906	"NMF6"	0.923446913774731
"FORALL_153"	6.88919226926472e-15	6.88919226926472e-15	6.88919226926472e-15	6.88919226926472e-15	6.88919226926472e-15	0.885829545768512	6.88919226926472e-15	0.0567521693580023	0.0574182848734172	6.88919226926472e-15	6.88919226926472e-15	6.88919226926472e-15	6.88919226926472e-15	"NMF6"	0.885829545768512
"FORALL_100"	6.73738197851042e-15	6.73738197851042e-15	6.73738197851042e-15	6.73738197851042e-15	6.73738197851042e-15	0.873440829108283	6.73738197851042e-15	6.73738197851042e-15	6.73738197851042e-15	0.126559170891642	6.73738197851042e-15	6.73738197851042e-15	6.73738197851042e-15	"NMF6"	0.873440829108283
"FORALL_125"	6.1465383314104e-15	0.0455499396390028	6.1465383314104e-15	6.1465383314104e-15	4.99639262392551e-11	0.807081270457872	6.1465383314104e-15	6.1465383314104e-15	0.0517010318370627	6.1465383314104e-15	0.0956677580160496	6.1465383314104e-15	6.1465383314104e-15	"NMF6"	0.807081270457872
"FORALL_159"	6.04287005776537e-15	0.0185237193146223	6.04287005776537e-15	6.04287005776537e-15	6.04287005776537e-15	0.805600278451661	6.04287005776537e-15	0.0761326258503457	6.04287005776537e-15	1.33952950723719e-06	0.0997420368538151	6.04287005776537e-15	6.04287005776537e-15	"NMF6"	0.805600278451661
"FORALL_092"	7.1945743210306e-15	0.00878978943077723	7.1945743210306e-15	0.0177015951960586	0.000485835308330683	0.77069857015482	7.1945743210306e-15	0.116299637231123	7.1945743210306e-15	7.1945743210306e-15	0.0389950698668065	0.0236800470875483	0.0233494557244989	"NMF6"	0.77069857015482
"FORALL_084"	7.88277812189488e-15	7.88277812189488e-15	7.88277812189488e-15	7.88277812189488e-15	0.00170293136728579	0.744597821254937	7.88277812189488e-15	0.0361100213372353	0.000342439048757061	7.88277812189488e-15	0.117420571051894	0.0510412134287817	0.0487850025110627	"NMF6"	0.744597821254937
"FORALL_039"	6.1500989802381e-15	6.1500989802381e-15	6.1500989802381e-15	0.00761447638626806	6.1500989802381e-15	0.71030139509648	6.1500989802381e-15	0.199119325527082	6.1500989802381e-15	0.0829648029901142	6.1500989802381e-15	6.1500989802381e-15	6.1500989802381e-15	"NMF6"	0.71030139509648
"FORALL_052"	5.86600301616753e-15	5.86600301616753e-15	5.86600301616753e-15	5.86600301616753e-15	5.86600301616753e-15	0.693247643646954	5.86600301616753e-15	0.0895867767173083	5.86600301616753e-15	0.201089517531385	5.86600301616753e-15	5.86600301616753e-15	0.0160760621042996	"NMF6"	0.693247643646954
"FORALL_019"	0.0376509240418106	6.01734743225733e-15	6.01734743225733e-15	6.01734743225733e-15	6.01734743225733e-15	0.628515869648767	6.01734743225733e-15	0.151862733752626	0.0735243109507368	6.01734743225733e-15	6.01734743225733e-15	6.01734743225733e-15	0.108446161606012	"NMF6"	0.628515869648767
"FORALL_045"	0.0961386178294898	5.51966399654147e-15	0.0138448584016267	0.0564080348307297	5.51966399654147e-15	0.586398806419974	5.51966399654147e-15	0.20094118181808	0.0182287890303808	5.51966399654147e-15	5.51966399654147e-15	1.63518608475019e-06	0.0280380764836061	"NMF6"	0.586398806419974
"FORALL_106"	0.0875744719922883	5.96746998759549e-15	5.96746998759549e-15	5.96746998759549e-15	5.96746998759549e-15	0.483456061003962	2.90754048927224e-06	0.0768863467767848	1.73734790443865e-05	5.96746998759549e-15	5.96746998759549e-15	5.96746998759549e-15	0.352062839207389	"NMF6"	0.483456061003962
"FORALL_073"	0.0306091095416279	6.61566067368261e-15	6.61566067368261e-15	6.61566067368261e-15	6.61566067368261e-15	0.440339304503381	6.61566067368261e-15	0.180466752100638	0.0682322278716321	6.61566067368261e-15	6.61566067368261e-15	0.127881277882234	0.15247132810044	"NMF6"	0.440339304503381
"FORALL_075"	6.64494957030202e-15	6.64494957030202e-15	0.0218421279737895	0.214651453479903	6.64494957030202e-15	0.303894157038131	6.64494957030202e-15	6.64494957030202e-15	6.64494957030202e-15	0.185565324026304	0.185499174508673	0.0647062984575925	0.0238414645155672	"NMF6"	0.303894157038131
"FORALL_070"	2.02608639845082e-07	6.134888841307e-15	6.134888841307e-15	6.134888841307e-15	0.0792381943556246	6.134888841307e-15	0.821506455079989	6.134888841307e-15	0.0515819921398195	6.134888841307e-15	6.134888841307e-15	0.0476731558158781	6.134888841307e-15	"NMF7"	0.821506455079989
"FORALL_114"	6.57172569530825e-15	6.57172569530825e-15	0.0145716983356931	6.57172569530825e-15	0.181787023095702	6.57172569530825e-15	0.790485667061482	6.57172569530825e-15	0.0131556115070632	6.57172569530825e-15	6.57172569530825e-15	6.57172569530825e-15	6.57172569530825e-15	"NMF7"	0.790485667061482
"FORALL_066"	5.63036866473504e-15	0.0453697650036835	5.63036866473504e-15	5.63036866473504e-15	5.63036866473504e-15	5.63036866473504e-15	0.786727233002887	5.63036866473504e-15	5.63036866473504e-15	0.0101558092467703	5.63036866473504e-15	0.157747187515231	5.2313822296158e-09	"NMF7"	0.786727233002887
"FORALL_029"	6.22567491114878e-15	0.00625783667619242	6.22567491114878e-15	6.22567491114878e-15	0.0148634820418623	6.22567491114878e-15	0.772041107254805	0.175526619869482	0.0313109541576085	6.22567491114878e-15	6.22567491114878e-15	6.22567491114878e-15	6.22567491114878e-15	"NMF7"	0.772041107254805
"FORALL_109"	5.14296084210327e-15	0.000655742117039175	0.00945205361246335	5.14296084210327e-15	5.14296084210327e-15	5.14296084210327e-15	0.734267521135494	5.14296084210327e-15	0.0527412266411116	0.0331058061978231	5.14296084210327e-15	0.157693513288557	0.0120841370074808	"NMF7"	0.734267521135494
"FORALL_124"	6.47859186322256e-15	0.0702109534326563	6.47859186322256e-15	6.47859186322256e-15	0.191910597113859	0.0411119069599124	0.676658867066973	0.0176439038363171	6.47859186322256e-15	6.47859186322256e-15	6.47859186322256e-15	0.00246377159023715	6.47859186322256e-15	"NMF7"	0.676658867066973
"FORALL_119"	5.33578935875495e-15	5.33578935875495e-15	5.33578935875495e-15	5.33578935875495e-15	5.33578935875495e-15	5.33578935875495e-15	0.666062741207318	5.33578935875495e-15	5.33578935875495e-15	2.11296528719685e-10	5.33578935875495e-15	0.333937258581332	5.33578935875495e-15	"NMF7"	0.666062741207318
"FORALL_138"	2.20886779225525e-14	5.09153049040399e-15	5.09153049040399e-15	0.0310030301551502	5.09153049040399e-15	5.09153049040399e-15	0.662300488068969	0.28608429218424	5.09153049040399e-15	5.09153049040399e-15	0.020612189591578	5.09153049040399e-15	5.09153049040399e-15	"NMF7"	0.662300488068969
"FORALL_062"	5.65390702615842e-15	5.65390702615842e-15	0.00727389692922253	5.65390702615842e-15	0.179737189277965	5.65390702615842e-15	0.631409631663291	0.113613495189507	5.65390702615842e-15	5.65390702615842e-15	0.0679657869399699	5.65390702615842e-15	5.65390702615842e-15	"NMF7"	0.631409631663291
"FORALL_009"	5.46797984934484e-15	5.46797984934484e-15	5.46797984934484e-15	0.0330822948502952	0.125358179804082	5.46797984934484e-15	0.626063444848765	0.141508001207187	5.46797984934484e-15	5.46797984934484e-15	0.0739880792896267	5.46797984934484e-15	5.46797984934484e-15	"NMF7"	0.626063444848765
"FORALL_086"	5.30099444478614e-15	0.0896678950861805	0.00811699199183967	5.30099444478614e-15	0.263947802851847	5.30099444478614e-15	0.566031541984852	5.30099444478614e-15	0.0127238543217414	0.0595119137635025	5.30099444478614e-15	5.30099444478614e-15	5.30099444478614e-15	"NMF7"	0.566031541984852
"FORALL_036"	5.04786617215649e-15	0.0539138858083005	0.348611268769353	0.0584950121184127	9.26040866897331e-11	5.04786617215649e-15	0.538138656402111	5.04786617215649e-15	5.04786617215649e-15	0.000841176809183457	5.04786617215649e-15	5.04786617215649e-15	5.04786617215649e-15	"NMF7"	0.538138656402111
"FORALL_150"	5.04855870094837e-15	5.04855870094837e-15	0.0213860374968218	5.04855870094837e-15	0.16048946135352	5.04855870094837e-15	0.530605081389188	5.04855870094837e-15	0.13326288674847	5.04855870094837e-15	5.04855870094837e-15	0.142492609158664	0.0117639238533004	"NMF7"	0.530605081389188
"FORALL_004"	0.068570163549806	4.91305953240452e-15	0.156494203309611	0.157246173821125	4.91305953240452e-15	4.91305953240452e-15	0.484458366112542	0.0294947286325376	4.91305953240452e-15	4.91305953240452e-15	3.76770925980793e-05	0.103698687481751	4.91305953240452e-15	"NMF7"	0.484458366112542
"FORALL_038"	0.00436803296130652	4.94476399110372e-15	0.17612475155451	0.124621991941333	0.000209912991695577	0.0166157409656335	0.48209844579622	0.195961123775442	4.94476399110372e-15	1.38345012434966e-11	4.94476399110372e-15	4.94476399110372e-15	4.94476399110372e-15	"NMF7"	0.48209844579622
"FORALL_011"	4.65143800508131e-15	4.65143800508131e-15	4.65143800508131e-15	4.65143800508131e-15	0.0310205046287678	4.65143800508131e-15	0.450144082442209	0.147907455539928	4.65143800508131e-15	4.65143800508131e-15	4.65143800508131e-15	0.370927957389054	4.65143800508131e-15	"NMF7"	0.450144082442209
"FORALL_064"	0.293048278583106	4.9584914526871e-15	0.106774469351382	4.9584914526871e-15	4.9584914526871e-15	0.043254555371757	0.429957892917198	0.023676136966417	4.9584914526871e-15	4.9584914526871e-15	4.9584914526871e-15	0.103288282402977	3.84407132738015e-07	"NMF7"	0.429957892917198
"FORALL_059"	5.08686961134903e-15	3.50983666799787e-05	0.259780291717921	5.08686961134903e-15	0.0467516010439364	5.08686961134903e-15	0.416199980773177	5.08686961134903e-15	5.08686961134903e-15	0.271006822294823	5.08686961134903e-15	0.00622620580342644	5.08686961134903e-15	"NMF7"	0.416199980773177
"FORALL_099"	4.94928867794732e-15	4.94928867794732e-15	0.0700947425665254	4.94928867794732e-15	0.225816452317969	4.94928867794732e-15	0.394197301434675	4.94928867794732e-15	0.0410019367506839	0.234352205269515	0.0345370291290681	4.94928867794732e-15	3.32531534283521e-07	"NMF7"	0.394197301434675
"FORALL_161"	5.03308936668421e-15	5.03308936668421e-15	5.03308936668421e-15	5.03308936668421e-15	5.03308936668421e-15	0.0319406276941891	5.03308936668421e-15	0.968059372305756	5.03308936668421e-15	5.03308936668421e-15	5.03308936668421e-15	5.03308936668421e-15	5.03308936668421e-15	"NMF8"	0.968059372305756
"FORALL_035"	5.76030018498268e-15	5.76030018498268e-15	5.76030018498268e-15	5.76030018498268e-15	5.76030018498268e-15	0.122413672938722	5.76030018498268e-15	0.877586327061214	5.76030018498268e-15	5.76030018498268e-15	5.76030018498268e-15	5.76030018498268e-15	5.76030018498268e-15	"NMF8"	0.877586327061214
"FORALL_079"	5.47666993969839e-15	5.47666993969839e-15	5.47666993969839e-15	0.0113941941428451	5.47666993969839e-15	0.210069929324807	1.04246882382298e-11	0.778485532881325	5.47666993969839e-15	5.47666993969839e-15	5.03202062089777e-05	2.34343509353248e-08	5.47666993969839e-15	"NMF8"	0.778485532881325
"FORALL_037"	5.49954435155682e-15	8.68637160140362e-06	5.49954435155682e-15	5.49954435155682e-15	5.49954435155682e-15	0.245275942269554	5.49954435155682e-15	0.720605861207895	5.49954435155682e-15	5.49954435155682e-15	5.49954435155682e-15	5.49954435155682e-15	0.0341095101508993	"NMF8"	0.720605861207895
"FORALL_032"	6.63827034700366e-15	0.0122623555705367	6.63827034700366e-15	0.200192048207521	6.63827034700366e-15	6.63827034700366e-15	6.63827034700366e-15	0.60047604737173	6.63827034700366e-15	6.63827034700366e-15	0.165713655738589	6.63827034700366e-15	0.0213558931115707	"NMF8"	0.60047604737173
"FORALL_054"	0.189845657044006	5.44433304546819e-05	5.76806975287405e-15	0.017878630865086	5.76806975287405e-15	0.114641484805753	0.00557148927703039	0.438007838914174	0.038514929311676	5.76806975287405e-15	0.195485518729487	7.72231045465689e-09	5.76806975287405e-15	"NMF8"	0.438007838914174
"FORALL_145"	0.0307491280406561	0.0534638835032266	4.49608123003248e-15	4.49608123003248e-15	4.49608123003248e-15	0.32158824784389	4.49608123003248e-15	0.379317700460773	0.036897174745157	0.134215912970705	4.49608123003248e-15	0.0437679524355652	4.49608123003248e-15	"NMF8"	0.379317700460773
"FORALL_031"	4.92563441812393e-15	0.136939066508913	0.108446588446222	0.0281904318205631	4.92563441812393e-15	4.92563441812393e-15	4.92563441812393e-15	0.292943366516756	0.145101349270557	0.178322302743818	0.0816691147276139	4.92563441812393e-15	0.0283877799655314	"NMF8"	0.292943366516756
"FORALL_027"	0.120296945479282	0.228331364573009	0.0355213556752594	5.40656937969413e-15	5.40656937969413e-15	5.40656937969413e-15	5.40656937969413e-15	0.279350261944665	0.0715593326804088	0.264940722135053	1.74985931579168e-08	5.40656937969413e-15	1.37026879625235e-11	"NMF8"	0.279350261944665
"FORALL_025"	4.31311628584435e-15	4.31311628584435e-15	4.31311628584435e-15	4.31311628584435e-15	4.31311628584435e-15	4.31311628584435e-15	4.31311628584435e-15	4.31311628584435e-15	0.999999999999948	4.31311628584435e-15	4.31311628584435e-15	4.31311628584435e-15	4.31311628584435e-15	"NMF9"	0.999999999999948
"FORALL_113"	4.32571001675351e-15	4.32571001675351e-15	4.32571001675351e-15	4.32571001675351e-15	4.32571001675351e-15	4.32571001675351e-15	4.32571001675351e-15	4.32571001675351e-15	0.999999999999948	4.32571001675351e-15	4.32571001675351e-15	4.32571001675351e-15	4.32571001675351e-15	"NMF9"	0.999999999999948
"FORALL_149"	4.34137611682703e-15	4.34137611682703e-15	4.34137611682703e-15	4.34137611682703e-15	4.34137611682703e-15	4.34137611682703e-15	4.34137611682703e-15	4.34137611682703e-15	0.999999999999948	4.34137611682703e-15	4.34137611682703e-15	4.34137611682703e-15	4.34137611682703e-15	"NMF9"	0.999999999999948
"FORALL_076"	4.48211954842217e-15	4.48211954842217e-15	4.48211954842217e-15	4.48211954842217e-15	4.48211954842217e-15	4.48211954842217e-15	4.48211954842217e-15	4.48211954842217e-15	0.999999999999946	4.48211954842217e-15	4.48211954842217e-15	4.48211954842217e-15	4.48211954842217e-15	"NMF9"	0.999999999999946
"FORALL_163"	4.27953406280731e-15	4.27953406280731e-15	4.27953406280731e-15	4.27953406280731e-15	4.27953406280731e-15	4.27953406280731e-15	4.27953406280731e-15	1.93413296210976e-14	0.999999999999933	4.27953406280731e-15	4.27953406280731e-15	4.27953406280731e-15	4.27953406280731e-15	"NMF9"	0.999999999999933
"FORALL_136"	0.228169246674333	5.47365412940343e-15	0.033813001213819	5.47365412940343e-15	5.47365412940343e-15	0.0123298613336632	5.47365412940343e-15	5.47365412940343e-15	0.360371054719457	0.0842863391430946	0.281030496915594	5.47365412940343e-15	5.47365412940343e-15	"NMF9"	0.360371054719457
"FORALL_067"	6.81159215730954e-15	6.81159215730954e-15	6.81159215730954e-15	6.81159215730954e-15	6.81159215730954e-15	0.0132933412796051	6.81159215730954e-15	6.81159215730954e-15	6.81159215730954e-15	0.98670665872032	6.81159215730954e-15	6.81159215730954e-15	6.81159215730954e-15	"NMF10"	0.98670665872032
"FORALL_087"	7.0296046664109e-15	7.0296046664109e-15	7.0296046664109e-15	0.0252916480011393	7.0296046664109e-15	0.0188703976699338	7.0296046664109e-15	7.0296046664109e-15	7.0296046664109e-15	0.908537492712171	7.0296046664109e-15	0.0202447415203659	0.0270557200963343	"NMF10"	0.908537492712171
"FORALL_147"	5.44169952447796e-15	5.44169952447796e-15	0.054453816596876	1.558561361736e-10	0.159785454678943	5.44169952447796e-15	5.44169952447796e-15	5.44169952447796e-15	5.44169952447796e-15	0.785760728568276	5.44169952447796e-15	5.44169952447796e-15	5.44169952447796e-15	"NMF10"	0.785760728568276
"FORALL_068"	5.75028495351415e-15	5.75028495351415e-15	0.0568564468814186	5.75028495351415e-15	0.145053185886279	5.75028495351415e-15	5.75028495351415e-15	5.75028495351415e-15	0.0172902296820065	0.773809243787317	0.00030604571140476	0.00668484805153458	5.75028495351415e-15	"NMF10"	0.773809243787317
"FORALL_074"	6.25160222301938e-15	0.147820449664893	6.25160222301938e-15	6.25160222301938e-15	0.0213527397365155	0.0241044866797488	6.25160222301938e-15	6.25160222301938e-15	0.0557664118997336	0.6566348278373	1.14404390401898e-07	6.25160222301938e-15	0.094320969777381	"NMF10"	0.6566348278373
"FORALL_013"	0.00312542217272397	5.61297834531945e-15	5.61297834531945e-15	0.216704735550204	5.61297834531945e-15	5.61297834531945e-15	5.61297834531945e-15	0.119946624354555	5.61297834531945e-15	0.655973012456606	0.00425020546586596	5.61297834531945e-15	5.61297834531945e-15	"NMF10"	0.655973012456606
"FORALL_102"	0.000489513978860917	5.78016868645728e-15	5.78016868645728e-15	5.78016868645728e-15	0.0297590125985247	0.0243215093786731	5.78016868645728e-15	5.78016868645728e-15	0.210689506966559	0.625251382036501	0.109489075040841	5.78016868645728e-15	5.78016868645728e-15	"NMF10"	0.625251382036501
"FORALL_142"	0.0124342167379521	4.73378500224956e-15	4.73378500224956e-15	4.73378500224956e-15	4.73378500224956e-15	4.73378500224956e-15	4.73378500224956e-15	0.237428642301552	0.0493715503088102	0.574157150931463	4.73378500224956e-15	4.73378500224956e-15	0.126608439720184	"NMF10"	0.574157150931463
"FORALL_058"	6.09959959233951e-15	6.09959959233951e-15	6.09959959233951e-15	6.09959959233951e-15	6.09959959233951e-15	6.09959959233951e-15	6.09959959233951e-15	6.09959959233951e-15	0.152545252043491	0.526715315763613	0.315562334480881	6.09959959233951e-15	0.00517709771195964	"NMF10"	0.526715315763613
"FORALL_081"	6.15243528992287e-15	6.15243528992287e-15	0.0190885885263783	0.165426129546123	6.15243528992287e-15	0.160925714786007	0.127948977290639	6.15243528992287e-15	6.15243528992287e-15	0.414366160293263	6.15243528992287e-15	0.112244429557547	6.15243528992287e-15	"NMF10"	0.414366160293263
"FORALL_091"	0.214763405762199	5.20893664353335e-15	0.0333849018833927	0.240645364572212	5.20893664353335e-15	0.126943692438132	5.20893664353335e-15	5.20893664353335e-15	1.06363827971661e-06	0.346292072438261	0.0351119001666659	5.20893664353335e-15	0.00285759910083136	"NMF10"	0.346292072438261
"FORALL_016"	6.37630576654551e-15	6.37630576654551e-15	6.37630576654551e-15	0.0125721404630141	6.37630576654551e-15	6.37630576654551e-15	6.37630576654551e-15	6.37630576654551e-15	6.37630576654551e-15	0.00364415486509082	0.983783704671831	6.37630576654551e-15	6.37630576654551e-15	"NMF11"	0.983783704671831
"FORALL_156"	6.62888530197649e-15	0.0134831753729189	6.62888530197649e-15	6.62888530197649e-15	6.62888530197649e-15	6.62888530197649e-15	6.62888530197649e-15	0.0527020684712273	6.62888530197649e-15	6.62888530197649e-15	0.930150749337888	6.62888530197649e-15	0.00366400681790642	"NMF11"	0.930150749337888
"FORALL_048"	6.89333542076147e-15	0.00400419258610927	6.89333542076147e-15	6.89333542076147e-15	6.89333542076147e-15	6.89333542076147e-15	6.89333542076147e-15	6.89333542076147e-15	6.89333542076147e-15	6.89333542076147e-15	0.879178302938125	6.89333542076147e-15	0.116817504475697	"NMF11"	0.879178302938125
"FORALL_002"	6.43140809806575e-15	3.37559283160125e-11	6.43140809806575e-15	6.43140809806575e-15	6.43140809806575e-15	6.43140809806575e-15	6.43140809806575e-15	0.0874756517076988	6.43140809806575e-15	6.43140809806575e-15	0.836635950765221	0.0758883974932668	6.43140809806575e-15	"NMF11"	0.836635950765221
"FORALL_155"	5.4893132957072e-15	0.162160208585364	5.4893132957072e-15	0.0103523315619833	5.4893132957072e-15	5.4893132957072e-15	5.4893132957072e-15	5.4893132957072e-15	5.4893132957072e-15	0.0142895147537197	0.813197945098883	5.4893132957072e-15	5.4893132957072e-15	"NMF11"	0.813197945098883
"FORALL_021"	5.92591372169155e-15	5.92591372169155e-15	4.19044036587112e-11	0.0499837008410496	0.00724046850658852	0.0400191166538708	5.92591372169155e-15	0.0799588229866923	0.104383008900567	5.92591372169155e-15	0.667165454245132	0.0512494278241661	5.92591372169155e-15	"NMF11"	0.667165454245132
"FORALL_107"	0.0231524373706898	7.50375332536676e-15	7.50375332536676e-15	7.50375332536676e-15	7.50375332536676e-15	6.0213100326897e-13	7.50375332536676e-15	0.0564653890699468	0.0695965080678605	0.210132611111315	0.640653054379533	7.50375332536676e-15	7.50375332536676e-15	"NMF11"	0.640653054379533
"FORALL_030"	6.41220849161562e-15	6.41220849161562e-15	6.41220849161562e-15	6.41220849161562e-15	6.41220849161562e-15	6.41220849161562e-15	6.41220849161562e-15	0.11381032542085	0.0982441067445659	0.152388326636532	0.635557241197995	6.41220849161562e-15	6.41220849161562e-15	"NMF11"	0.635557241197995
"FORALL_063"	6.19242038188506e-15	6.19242038188506e-15	6.19242038188506e-15	6.19242038188506e-15	6.19242038188506e-15	6.19242038188506e-15	6.19242038188506e-15	0.0509270310160349	0.127166750350149	0.195167036238497	0.626739182395264	6.19242038188506e-15	6.19242038188506e-15	"NMF11"	0.626739182395264
"FORALL_053"	5.65564133726413e-15	5.65564133726413e-15	5.65564133726413e-15	5.65564133726413e-15	5.65564133726413e-15	0.0305971669170433	5.65564133726413e-15	0.0796867429895795	0.0270961754078833	0.245735076511187	0.616884838174262	5.65564133726413e-15	5.65564133726413e-15	"NMF11"	0.616884838174262
"FORALL_085"	8.41010321476733e-15	0.377984758146621	0.0649796227092287	5.51117882727258e-15	5.51117882727258e-15	2.13141888806709e-13	5.51117882727258e-15	5.51117882727258e-15	5.51117882727258e-15	5.51117882727258e-15	0.433885080569009	0.0107182269331566	0.11243231164173	"NMF11"	0.433885080569009
"FORALL_131"	0.0256446939660813	5.72517560205272e-15	5.72517560205272e-15	5.72517560205272e-15	1.29211733231072e-11	0.262109403400916	5.72517560205272e-15	5.72517560205272e-15	0.204685761828774	0.0525820420399339	0.430985319064291	5.72517560205272e-15	0.0239927796870475	"NMF11"	0.430985319064291
"FORALL_003"	6.28499793536942e-15	6.28499793536942e-15	6.28499793536942e-15	0.222876552974843	6.28499793536942e-15	0.0154863581218268	6.28499793536942e-15	0.335835229437813	6.28499793536942e-15	6.28499793536942e-15	0.425801859465461	6.28499793536942e-15	6.28499793536942e-15	"NMF11"	0.425801859465461
"FORALL_105"	5.28921405929485e-15	0.0147623667038002	0.0708545638954164	0.0847121158872076	0.122916665593061	0.027123883172675	5.28921405929485e-15	5.28921405929485e-15	5.28921405929485e-15	0.274885208821809	0.404745195926	5.28921405929485e-15	5.28921405929485e-15	"NMF11"	0.404745195926
"FORALL_103"	4.03889857607845e-15	4.03889857607845e-15	4.03889857607845e-15	4.03889857607845e-15	4.03889857607845e-15	4.03889857607845e-15	4.03889857607845e-15	4.03889857607845e-15	4.03889857607845e-15	4.03889857607845e-15	4.03889857607845e-15	0.999999999999951	4.03889857607845e-15	"NMF12"	0.999999999999951
"FORALL_128"	4.51514237190001e-15	0.00416101507450799	4.51514237190001e-15	4.51514237190001e-15	4.51514237190001e-15	4.51514237190001e-15	4.51514237190001e-15	4.51514237190001e-15	4.51514237190001e-15	4.51514237190001e-15	4.51514237190001e-15	0.995838984925442	4.51514237190001e-15	"NMF12"	0.995838984925442
"FORALL_157"	3.85292049720219e-15	3.85292049720219e-15	3.85292049720219e-15	3.85292049720219e-15	3.85292049720219e-15	3.85292049720219e-15	3.85292049720219e-15	3.85292049720219e-15	3.85292049720219e-15	3.85292049720219e-15	3.85292049720219e-15	0.954938300421523	0.0450616995784348	"NMF12"	0.954938300421523
"FORALL_010"	0.0645250673909052	0.0519230003781327	3.50833937831149e-15	3.50833937831149e-15	3.50833937831149e-15	3.50833937831149e-15	3.50833937831149e-15	0.114324758370561	3.50833937831149e-15	3.50833937831149e-15	3.50833937831149e-15	0.769227160392436	1.34679373544035e-08	"NMF12"	0.769227160392436
"FORALL_060"	3.26501772544432e-15	3.26501772544432e-15	3.26501772544432e-15	0.0496533171017412	3.26501772544432e-15	3.26501772544432e-15	0.226271267593352	3.26501772544432e-15	3.26501772544432e-15	3.26501772544432e-15	3.26501772544432e-15	0.724075415304874	3.26501772544432e-15	"NMF12"	0.724075415304874
"FORALL_061"	0.0252499574138893	0.397759702085046	0.029727974667448	0.0100120009853356	4.30592865825178e-15	4.30592865825178e-15	4.30592865825178e-15	4.30592865825178e-15	4.30592865825178e-15	4.30592865825178e-15	0.0641432481101827	0.473107116738068	4.30592865825178e-15	"NMF12"	0.473107116738068
"FORALL_152"	0.361398438344106	0.0365360841922357	0.0249757869149485	1.24328220142335e-14	4.02122204582219e-15	4.02122204582219e-15	9.90231304125745e-11	4.02122204582219e-15	4.02122204582219e-15	0.123157799491694	4.02122204582219e-15	0.453931890957957	4.02122204582219e-15	"NMF12"	0.453931890957957
"FORALL_018"	0.378482051692795	0.0826311491469448	0.0392774718718186	5.55266360203423e-07	4.01655960907151e-15	4.01655960907151e-15	0.042591684802515	4.01655960907151e-15	0.022902626756848	0.00622552825766894	4.01655960907151e-15	0.427075793136296	0.000813139068737399	"NMF12"	0.427075793136296
"FORALL_146"	1.29314231107153e-11	0.19369979774136	0.0760749259979961	4.07198377960179e-15	0.0428637597658373	7.84788367945813e-12	0.197032860148895	4.07198377960179e-15	0.0297914817157743	0.0244494975540136	4.07198377960179e-15	0.381412200504099	0.054675476551233	"NMF12"	0.381412200504099
"FORALL_094"	4.36656475344496e-15	4.36656475344496e-15	4.36656475344496e-15	4.36656475344496e-15	4.36656475344496e-15	4.36656475344496e-15	4.36656475344496e-15	4.36656475344496e-15	4.36656475344496e-15	4.36656475344496e-15	4.36656475344496e-15	4.36656475344496e-15	0.999999999999948	"NMF13"	0.999999999999948
"FORALL_126"	4.61539662798404e-15	4.61539662798404e-15	4.61539662798404e-15	4.61539662798404e-15	4.61539662798404e-15	4.61539662798404e-15	4.61539662798404e-15	4.61539662798404e-15	4.61539662798404e-15	4.61539662798404e-15	4.61539662798404e-15	4.61539662798404e-15	0.999999999999945	"NMF13"	0.999999999999945
"FORALL_071"	4.626655021193e-15	4.626655021193e-15	4.626655021193e-15	4.626655021193e-15	4.626655021193e-15	4.626655021193e-15	4.626655021193e-15	4.626655021193e-15	4.626655021193e-15	4.626655021193e-15	4.626655021193e-15	4.626655021193e-15	0.999999999999944	"NMF13"	0.999999999999944
"FORALL_012"	4.76486864372818e-15	4.76486864372818e-15	4.76486864372818e-15	4.76486864372818e-15	4.76486864372818e-15	4.76486864372818e-15	4.76486864372818e-15	4.76486864372818e-15	4.76486864372818e-15	4.76486864372818e-15	4.76486864372818e-15	4.76486864372818e-15	0.999999999999943	"NMF13"	0.999999999999943
"FORALL_162"	4.34186083114608e-15	4.34186083114608e-15	4.34186083114608e-15	4.34186083114608e-15	4.34186083114608e-15	4.34186083114608e-15	4.34186083114608e-15	0.0322274518358855	4.34186083114608e-15	4.34186083114608e-15	4.34186083114608e-15	4.34186083114608e-15	0.967772548164067	"NMF13"	0.967772548164067
"FORALL_111"	0.394126226826919	4.75227375992363e-15	4.75227375992363e-15	1.43165001521211e-06	4.75227375992363e-15	4.75227375992363e-15	4.75227375992363e-15	0.0761205985009303	0.0279980951643364	4.75227375992363e-15	4.75227375992363e-15	0.035079836353925	0.466673811503841	"NMF13"	0.466673811503841
